	#0,1,0.000,2,-148.1,3,3.61,4,-149.0,5,3.47,6,3.4,9,152.9,10,0.00,11,0.0,12,0.00,13,152.9,17,-3.00,18,0.48,19,0.33,20,9.83,22,1.035,48,0.000000,49,0.000000,50,0.0,51,0.000,172,1.876,173,11.3,175,0.972,176,339.745*36
	#0,9,152.9,11,0.0,12,0.00*38
	#0,1,0.000,2,-148.1,3,3.61,4,-149.0,5,3.47,6,3.4,9,152.9,10,0.00,11,0.0,12,0.00,13,152.9,17,-3.00,18,0.48,19,0.33,20,9.83,22,1.035,48,0.000000,49,0.000000,50,0.0,51,0.000,172,1.876,173,11.3,175,0.973,176,339.744*36
	#0,1,0.000,2,-148.0,3,3.61,4,-148.9,5,3.47,6,3.5,9,152.9,10,0.00,11,0.0,12,0.00,13,152.9,17,-3.00,18,0.48,19,0.33,20,9.83,22,1.035,48,0.000000,49,0.000000,50,0.0,51,0.000,172,1.876,173,11.3,175,0.973,176,339.745*3F
	#0,1,0.000,2,-148.0,3,3.61,4,-148.9,5,3.47,6,3.5,9,152.9,10,0.00,11,0.0,12,0.00,13,152.9,17,-3.00,18,0.48,19,0.33,20,9.83,22,1.035,48,0.000000,49,0.000000,50,0.0,51,0.000,172,1.876,173,11.3,175,0.973,176,339.748*32
	#0,1,0.000,2,-147.9,3,3.62,4,-148.8,5,3.47,6,3.5,9,152.9,10,0.00,11,0.0,12,0.00,13,152.9,17,-3.00,18,0.48,19,0.33,20,9.83,22,1.035,48,0.000000,49,0.000000,50,0.0,51,0.000,172,1.876,173,11.3,175,0.973,176,339.750*3F
	#0,1,0.000,2,-147.8,3,3.62,4,-148.7,5,3.47,6,3.5,9,152.9,10,0.00,11,0.0,12,0.00,13,152.9,17,-3.00,18,0.48,19,0.33,20,9.83,22,1.035,48,0.000000,49,0.000000,50,0.0,51,0.000,172,1.876,173,11.3,175,0.973,176,339.749*39
	#0,1,0.000,2,-147.7,3,3.62,4,-148.7,5,3.47,6,3.5,9,152.9,10,0.00,13,152.9,17,-3.00,18,0.48,19,0.33,20,9.83,22,1.035,48,0.000000,49,0.000000,50,0.0,51,0.000,172,1.876,173,11.3,175,0.972,176,339.749*04
	#0,1,0.000,2,-147.7,3,3.61,4,-148.6,5,3.47,6,3.6,9,152.9,10,0.00,11,0.0,12,0.00,13,152.9,17,-3.00,18,0.48,19,0.33,20,9.82,22,1.035,48,0.000000,49,0.000000,50,0.0,51,0.000,172,1.876,173,11.3,175,0.972,176,339.748*36
	#0,1,0.000,2,-147.6,3,3.61,4,-148.5,5,3.47,6,3.6,9,152.9,10,0.00,11,0.0,12,0.00,13,152.9,17,-3.00,18,0.48,19,0.33,20,9.83,22,1.035,48,0.000000,49,0.000000,50,0.0,51,0.000,172,1.876,173,11.3,175,0.972,176,339.748*35
	#0,1,0.000,2,-147.5,3,3.61,4,-148.5,5,3.47,6,3.6,9,152.9,10,0.00,11,0.0,12,0.00,13,152.9,17,-3.00,18,0.48,19,0.33,20,9.83,22,1.035,48,0.000000,49,0.000000,50,0.0,51,0.000,172,1.876,173,11.3,175,0.971,176,339.751*3D
	#0,1,0.000,2,-147.4,3,3.61,4,-148.4,5,3.47,6,3.6,9,152.9,10,0.00,11,0.0,12,0.00,13,152.9,17,-3.00,18,0.48,19,0.33,20,9.83,22,1.035,48,0.000000,49,0.000000,50,0.0,51,0.000,172,1.876,173,11.3,175,0.972,176,339.754*3B
	#0,1,0.000,2,-147.3,3,3.61,4,-148.3,5,3.47,6,3.7,9,152.9,10,0.00,11,0.0,12,0.00,13,152.9,17,-3.00,18,0.48,19,0.33,20,9.83,22,1.035,48,0.000000,49,0.000000,50,0.0,51,0.000,172,1.876,173,11.3,175,0.972,176,339.754*3A
	#0,1,0.000,2,-147.2,3,3.61,4,-148.2,5,3.47,6,3.7,9,152.9,10,0.00,11,0.0,12,0.00,13,152.9,17,-3.00,18,0.48,19,0.33,20,9.83,22,1.035,48,0.000000,49,0.000000,50,0.0,51,0.000,172,1.876,173,11.3,175,0.972,176,339.752*3C
	#0,1,0.000,2,-147.1,3,3.61,4,-148.1,5,3.47,6,3.7,9,152.9,10,0.00,11,0.0,12,0.00,13,152.9,17,-3.00,18,0.48,19,0.33,20,9.83,22,1.035,48,0.000000,49,0.000000,50,0.0,51,0.000,172,1.876,173,11.3,175,0.972,176,339.751*3F
	#0,1,0.000,2,-147.0,3,3.60,4,-148.1,5,3.47,6,3.7,9,152.9,10,0.00,11,0.0,12,0.00,13,152.9,17,-3.00,18,0.48,19,0.33,20,9.83,22,1.035,48,0.000000,49,0.000000,50,0.0,51,0.000,172,1.876,173,11.3,175,0.972,176,339.752*3C
	#0,9,152.9,11,0.0,12,0.00*38
	#0,1,0.000,2,-146.9,3,3.60,4,-148.0,5,3.47,6,3.8,9,152.9,10,0.00,11,0.0,12,0.00,13,152.9,17,-3.00,18,0.48,19,0.33,20,9.83,22,1.035,48,0.000000,49,0.000000,50,0.0,51,0.000,172,1.876,173,11.3,175,0.972,176,339.751*39
	#0,1,0.000,2,-146.7,3,3.60,4,-147.8,5,3.47,6,3.8,9,152.9,10,0.00,11,0.0,12,0.00,13,152.9,17,-3.00,18,0.48,19,0.33,20,9.83,22,1.035,48,0.000000,49,0.000000,50,0.0,51,0.000,172,1.876,173,11.3,175,0.973,176,339.748*39
	#0,1,0.000,2,-146.6,3,3.60,4,-147.7,5,3.47,6,3.9,9,152.9,10,0.00,11,0.0,12,0.00,13,152.9,17,-3.00,18,0.48,19,0.33,20,9.84,22,1.035,48,0.000000,49,0.000000,50,0.0,51,0.000,172,1.876,173,11.3,175,0.973,176,339.748*31
	#0,1,0.000,2,-146.5,3,3.60,4,-147.6,5,3.47,6,3.9,9,152.9,10,0.00,11,0.0,12,0.00,13,152.9,17,-3.00,18,0.48,19,0.33,20,9.84,22,1.035,48,0.000000,49,0.000000,50,0.0,51,0.000,172,1.876,173,11.3,175,0.973,176,339.744*3F
	#0,1,0.000,2,-146.3,3,3.60,4,-147.5,5,3.47,6,3.9,9,152.9,10,0.00,11,0.0,12,0.00,13,152.9,17,-3.00,18,0.48,19,0.33,20,9.84,22,1.035,48,0.000000,49,0.000000,50,0.0,51,0.000,172,1.876,173,11.3,175,0.972,176,339.745*3A
	#0,1,0.000,2,-146.1,3,3.60,4,-147.4,5,3.47,6,4.0,9,152.9,10,0.00,11,0.0,12,0.00,13,152.9,17,-3.00,18,0.48,19,0.33,20,9.84,22,1.035,48,0.000000,49,0.000000,50,0.0,51,0.000,172,1.876,173,11.3,175,0.973,176,339.745*36
	#0,1,0.000,2,-145.9,3,3.60,4,-147.2,5,3.47,6,4.0,9,152.9,10,0.00,11,0.0,12,0.00,13,152.9,17,-3.00,18,0.48,19,0.33,20,9.84,22,1.035,48,0.000000,49,0.000000,50,0.0,51,0.000,172,1.876,173,11.3,175,0.972,176,339.744*3B
	#0,1,0.000,2,-145.7,3,3.60,4,-147.1,5,3.48,6,4.1,9,152.9,10,0.00,11,0.0,12,0.00,13,152.9,17,-3.00,18,0.48,19,0.33,20,9.84,22,1.035,48,0.000000,49,0.000000,50,0.0,51,0.000,172,1.876,173,11.3,175,0.972,176,339.745*39
	#0,1,0.000,2,-145.5,3,3.60,4,-146.9,5,3.48,6,4.1,9,152.9,10,0.00,11,0.0,12,0.00,13,152.9,17,-3.00,18,0.48,19,0.33,20,9.83,22,1.035,48,0.000000,49,0.000000,50,0.0,51,0.000,172,1.876,173,11.3,175,0.972,176,339.743*33
	#0,1,0.000,2,-145.2,3,3.60,4,-146.7,5,3.48,6,4.2,9,152.9,10,0.00,11,0.0,12,0.00,13,152.9,17,-3.00,18,0.48,19,0.33,20,9.83,22,1.035,48,0.000000,49,0.000000,50,0.0,51,0.000,172,1.876,173,11.3,175,0.972,176,339.745*3F
	#0,1,0.000,2,-145.0,3,3.60,4,-146.6,5,3.48,6,4.2,9,152.9,10,0.00,11,0.0,12,0.00,13,152.9,17,-3.00,18,0.48,19,0.33,20,9.84,22,1.035,48,0.000000,49,0.000000,50,0.0,51,0.000,172,1.876,173,11.3,175,0.971,176,339.746*3B
	#0,1,0.000,2,-144.7,3,3.60,4,-146.4,5,3.48,6,4.3,9,152.9,10,0.00,11,0.0,12,0.00,13,152.9,17,-3.00,18,0.48,19,0.33,20,9.85,22,1.035,48,0.000000,49,0.000000,50,0.0,51,0.000,172,1.876,173,11.3,175,0.971,176,339.747*3E
	#0,1,0.000,2,-144.5,3,3.60,4,-146.2,5,3.48,6,4.4,9,152.9,10,0.00,11,0.0,12,0.00,13,152.9,17,-3.00,18,0.48,19,0.33,20,9.84,22,1.035,48,0.000000,49,0.000000,50,0.0,51,0.000,172,1.876,173,11.3,175,0.972,176,339.749*31
	#0,1,0.000,2,-144.0,3,3.60,4,-145.8,5,3.49,6,4.5,9,152.9,10,0.00,11,0.0,12,0.00,13,152.9,17,-3.00,18,0.48,19,0.33,20,9.85,22,1.035,48,0.000000,49,0.000000,50,0.0,51,0.000,172,1.876,173,11.3,175,0.971,176,339.747*31
	#0,1,0.000,2,-143.8,3,3.61,4,-145.6,5,3.49,6,4.6,9,152.9,10,0.00,11,0.0,12,0.00,13,152.9,17,-3.00,18,0.48,19,0.33,20,9.85,22,1.035,48,0.000000,49,0.000000,50,0.0,51,0.000,172,1.876,173,11.3,175,0.971,176,339.747*32
	#0,1,0.000,2,-143.5,3,3.61,4,-145.4,5,3.49,6,4.6,9,152.9,10,0.00,11,0.0,12,0.00,13,152.9,17,-3.00,18,0.48,19,0.33,20,9.84,22,1.035,48,0.000000,49,0.000000,50,0.0,51,0.000,172,1.876,173,11.3,175,0.971,176,339.748*33
	#0,1,0.000,2,-143.3,3,3.61,4,-145.2,5,3.49,6,4.7,9,152.9,10,0.00,11,0.0,12,0.00,13,152.9,17,-3.00,18,0.48,19,0.33,20,9.85,22,1.035,48,0.000000,49,0.000000,50,0.0,51,0.000,172,1.876,173,11.3,175,0.971,176,339.749*32
	#0,1,0.000,2,-143.2,3,3.61,4,-145.0,5,3.49,6,4.7,9,152.9,10,0.00,11,0.0,12,0.00,13,152.9,17,-3.00,18,0.48,19,0.33,20,9.85,22,1.035,48,0.000000,49,0.000000,50,0.0,51,0.000,172,1.876,173,11.3,175,0.971,176,339.751*38
	#0,1,0.000,2,-143.0,3,3.62,4,-144.9,5,3.50,6,4.8,9,152.9,10,0.00,11,0.0,12,0.00,13,152.9,17,-3.00,18,0.48,19,0.33,20,9.84,22,1.035,48,0.000000,49,0.000000,50,0.0,51,0.000,172,1.876,173,11.3,175,0.971,176,339.750*36
	#0,1,0.000,2,-142.8,3,3.62,4,-144.7,5,3.50,6,4.8,9,152.9,10,0.00,13,152.9,17,-3.00,18,0.48,19,0.33,20,9.84,22,1.035,48,0.000000,49,0.000000,50,0.0,51,0.000,172,1.876,173,11.3,175,0.971,176,339.752*00
	#0,1,0.000,2,-142.7,3,3.62,4,-144.6,5,3.50,6,4.9,9,152.9,10,0.00,11,0.0,12,0.00,13,152.9,17,-3.00,18,0.48,19,0.33,20,9.83,22,1.035,48,0.000000,49,0.000000,50,0.0,51,0.000,172,1.876,173,11.3,175,0.971,176,339.752*3B
	#0,1,0.000,2,-142.5,3,3.62,4,-144.5,5,3.50,6,4.9,9,152.9,10,0.00,11,0.0,12,0.00,13,152.9,17,-3.00,18,0.48,19,0.33,20,9.83,22,1.035,48,0.000000,49,0.000000,50,0.0,51,0.000,172,1.876,173,11.3,175,0.971,176,339.752*3A
	#0,1,0.000,2,-142.4,3,3.63,4,-144.3,5,3.51,6,5.0,9,152.9,10,0.00,11,0.0,12,0.00,13,152.9,17,-3.00,18,0.48,19,0.33,20,9.83,22,1.035,48,0.000000,49,0.000000,50,0.0,51,0.000,172,1.876,173,11.3,175,0.971,176,339.755*32
	#0,1,0.000,2,-142.1,3,3.63,4,-144.0,5,3.51,6,5.1,9,152.9,10,0.00,11,0.0,12,0.00,13,152.9,17,-3.00,18,0.49,19,0.33,20,9.84,22,1.035,48,0.000000,49,0.000000,50,0.0,51,0.000,172,1.876,173,11.3,175,0.971,176,339.754*32
	#0,1,0.000,2,-141.9,3,3.63,4,-143.9,5,3.52,6,5.2,9,152.9,10,0.00,11,0.0,12,0.00,13,152.9,17,-3.00,18,0.49,19,0.33,20,9.84,22,1.035,48,0.000000,49,0.000000,50,0.0,51,0.000,172,1.876,173,11.3,175,0.971,176,339.752*31
	#0,1,0.000,2,-141.7,3,3.63,4,-143.8,5,3.52,6,5.2,9,152.9,10,0.00,11,0.0,12,0.00,13,152.9,17,-3.00,18,0.49,19,0.33,20,9.84,22,1.035,48,0.000000,49,0.000000,50,0.0,51,0.000,172,1.876,173,11.3,175,0.971,176,339.751*3D
	#0,1,0.000,2,-141.6,3,3.63,4,-143.6,5,3.52,6,5.3,9,152.9,10,0.00,11,0.0,12,0.00,13,152.9,17,-3.00,18,0.49,19,0.33,20,9.83,22,1.035,48,0.000000,49,0.000000,50,0.0,51,0.000,172,1.876,173,11.3,175,0.972,176,339.751*37
	#0,1,0.000,2,-141.4,3,3.63,4,-143.5,5,3.52,6,5.3,9,152.9,10,0.00,11,0.0,12,0.00,13,152.9,17,-3.00,18,0.49,19,0.33,20,9.83,22,1.035,48,0.000000,49,0.000000,50,0.0,51,0.000,172,1.876,173,11.3,175,0.971,176,339.751*35
	#0,1,0.000,2,-141.2,3,3.63,4,-143.3,5,3.53,6,5.4,9,152.9,10,0.00,11,0.0,12,0.00,13,152.9,17,-3.00,18,0.49,19,0.33,20,9.83,22,1.035,48,0.000000,49,0.000000,50,0.0,51,0.000,172,1.876,173,11.3,175,0.972,176,339.750*31
	#0,1,0.000,2,-141.0,3,3.63,4,-143.2,5,3.53,6,5.5,9,152.9,10,0.00,11,0.0,12,0.00,13,152.9,17,-3.00,18,0.49,19,0.33,20,9.82,22,1.035,48,0.000000,49,0.000000,50,0.0,51,0.000,172,1.876,173,11.3,175,0.972,176,339.751*33
	#0,1,0.000,2,-140.8,3,3.63,4,-143.0,5,3.53,6,5.5,9,152.9,10,0.00,11,0.0,12,0.00,13,152.9,17,-3.00,18,0.49,19,0.33,20,9.82,22,1.035,48,0.000000,49,0.000000,50,0.0,51,0.000,172,1.876,173,11.3,175,0.972,176,339.749*31
	#0,1,0.000,2,-140.6,3,3.63,4,-142.8,5,3.53,6,5.6,9,152.9,10,0.00,11,0.0,12,0.00,13,152.9,17,-3.00,18,0.49,19,0.33,20,9.82,22,1.035,48,0.000000,49,0.000000,50,0.0,51,0.000,172,1.876,173,11.3,175,0.973,176,339.749*34
	#0,1,0.000,2,-140.4,3,3.64,4,-142.6,5,3.53,6,5.7,9,152.9,10,0.00,11,0.0,12,0.00,13,152.9,17,-3.00,18,0.49,19,0.33,20,9.82,22,1.035,48,0.000000,49,0.000000,50,0.0,51,0.000,172,1.876,173,11.3,175,0.972,176,339.750*37
	#0,1,0.000,2,-139.9,3,3.64,4,-142.3,5,3.54,6,5.8,9,152.9,10,0.00,11,0.0,12,0.00,13,152.9,17,-3.00,18,0.49,19,0.33,20,9.83,22,1.035,48,0.000000,49,0.000000,50,0.0,51,0.000,172,1.876,173,11.3,175,0.973,176,339.749*31
	#0,1,0.000,2,-139.7,3,3.64,4,-142.1,5,3.54,6,5.9,9,152.9,10,0.00,11,0.0,12,0.00,13,153.0,17,-3.00,18,0.49,19,0.33,20,9.83,22,1.035,48,0.000000,49,0.000000,50,0.0,51,0.000,172,1.876,173,11.3,175,0.973,176,339.749*34
	#0,1,0.000,2,-139.5,3,3.64,4,-141.9,5,3.54,6,6.0,9,152.9,10,0.00,11,0.0,12,0.00,13,153.0,17,-3.00,18,0.49,19,0.33,20,9.83,22,1.035,48,0.000000,49,0.000000,50,0.0,51,0.000,172,1.876,173,11.3,175,0.973,176,339.751*3E
